0000000110100111
1111101011110001
1110110011011010
1100110000101010
1111011110000011
0001101011001000
1100111011011000
1100100111111111
1110111101000100
1100010001001110
1101100010011000
1111110001010110
1101001010001101
0001101111100010
0001010010110011
1111011101001000
1111100100011000
0000000100010001
0000001110011000
0000100101010100
1110111000101111
1110101100010010
1101011000101110
1100101100000110
1111001001011001
0010011011110110
1100000101101011
1101110111010111
0011011110001000
1101110100001000
0010010010011010
1111010010010011
1100111101001000
0001000100110011
0010111001100011
1101010001000001
0000110011110100
1100111100001110
0001000000100100
0010101011100101
0011100001011111
1111010100110001
1110001011010010
0011011011001001
0011010111101110
0000010101100001
0010100000001101
1101010101001100
1110100100000010
0001010000110101
1100000000111010
0001000010000001
0010010010000100
1110010110111000
0010010100010100
1101101110100010
1111001110011100
0010011010110101
0010111001011011
1101001001100111
1110110000101011
1111010011001011
0001101011100110
1101001001001000
0000100111101010
1110000011000101
1100010111110001
1110001010110000
0001011011000101
1101110000010101
1110101110001011
1101000111100101
0010101010011011
0011100001001110
0000001100111010
0011010111110110
1100011111111000
1110011011101000
0000110010100010
1101000000000110
0010101011010100
0011100011111110
0011001111101101
0000110110100110
1111100011010110
0010000011110100
1101101011011010
0000110011100101
1111110001011100
1111101111111011
0001010001101100
1100110111000011
1101000101010001
0011001111100011
1101110000100001
1101111110101111
1101000000001100
1101111011100010
0011110100000110
1110011010011000
