0100011111110010
0111001111110100
0011101101110100
0111000101011000
0110111101001000
0011110011100101
0110001001010000
1000100001000111
0111101011100011
1010010100111111
0100111011010000
0010101111010000
1001100101100011
0011111011110001
0111011001001011
0001101101000100
0011000101110101
0001011011001000
0110111000110010
0101100100000011
0010001110100010
0111000010000101
0101110001011010
0110101000011110
0011101000001001
1000000101011110
1000110101010011
0101101101001111
1010000001110010
0101110000101111
0101010001110101
0010100000101010
0111001101001111
1000000101001100
0110001011100111
0110101110100111
0111110000001011
0111000001000000
0100100001000110
0101111000011010
1001110100010001
0010011101100111
0111000101010010
0111101101111111
0110101111011100
0100010000111010
0101000000011010
0110101111011011
0100100101000010
0011011000001101
1001011010001110
0010000100000010
0111101110011110
0111010011100110
1000010001001111
0111110010101110
0001100011001000
0100110101101010
0110011101100010
1001100010010010
0010011110101010
0011111111100011
0111010101100010
1001000110110100
0110110100011110
0011111001110110
0111011010100000
0101000111001110
0111001101001101
0100011111010110
0010100101001000
1001000100000110
1000110110110001
1000000110101000
0100010100101100
1000011110100110
1001001100001101
1000010110110101
0011011000111101
1000011010000001
0101101111010100
1000000001110011
0111011000000111
1000000010010010
0110001101111010
0101111011100110
0101011110011101
0010110100110100
0000100000000111
0001100010100001
0110000101110101
0110010101110001
0111111111010111
0111011001111001
0100101010010001
0100000010100010
0101111111101000
0101010101011010
1001000010000111
0110010101011000
