0100011001011001
0111001010011110
0011101101110100
0111000000000100
0110111111100001
0011101101110100
0110000000111111
1000100001000111
0111101110111111
1010010100111111
0100111000010111
0010110000110111
1001100101100011
0011110110010110
0111010111010011
0001101101000100
0011000111000001
0001011010001110
0110110001001100
0101101001101100
0010010000110011
0110111110111001
0101101011111101
0110101111101000
0011100011010001
1000000101011110
1000101001000101
0101101101001111
1010000001110010
0101110000101111
0101001011011001
0010100000101010
0111001101001111
1000001001010010
0110001010001000
0110101110100111
0111111000000110
0110110110000101
0100011100000000
0101110011100111
1001110100010001
0010011100011100
0110111011100111
0111100011100101
0110110001100101
0100010010101111
0100111011011000
0110101111011011
0100100101000010
0011011000001101
1001011010001110
0010000011000110
0111101110011110
0111001011001010
1000001111111010
0111110010101110
0001100000111100
0100101111011010
0110010110001010
1001100010010010
0010011010110101
0011111110100000
0111001100100000
1001000110110100
0110111010000111
0011110001100000
0111011111010101
0101000111001110
0111001000011100
0100011101011011
0010100111100000
1001000100000110
1000110110110001
0111111011110110
0100010001111011
1000011110100110
1001001100001101
1000010010110011
0011010100100011
1000011010000001
0101101101010001
0111110111000000
0111001100111111
1000001010010000
0110001111001011
0101111011100110
0101011110010111
0010110100110100
0000011111101001
0001100010011101
0110000000011111
0110011011100000
0111111111010111
0111001110000101
0100101011100110
0100000011100110
0101111011000011
0101010101011010
1001000010000111
0110001011000111
