0100110000101000
0111010111001111
0011111100111100
0111011000001011
0111000111001110
0100000010000100
0110011000101101
1000110110010111
0111111000010111
1010011001101000
0101000101011011
0010110100011000
1001101001010010
0100010100000011
0111100011001001
0001101011100101
0011010011100100
0001011110100111
0111000001011011
0101110100111101
0010011111110101
0111001000001011
0110000011111000
0110110010100110
0011110111101101
1000001100101111
1001001000100101
0101110010100110
1010001010010111
0110000000011111
0101011111001111
0010100101001101
0111101111101000
1000010001101101
0110100001001011
0110110101100111
1000001000100100
0111011001000110
0100011101011001
0101110010100110
1010001010010111
0010100101001101
0111011001000110
0111111101100010
0111000111001110
0100011011110110
0101000101011011
0110110000100101
0100101010110110
0011101100111001
1001011101110111
0010001011011010
0111101111101000
0111100001010101
1000101111011000
1000001100101111
0001110011011010
0101000100000101
0110110010100110
1001110101001100
0010110001111100
0011111011001101
0111100001010101
1001100000101111
0111001011000010
0100000101011011
0111100100000011
0101000101011011
0111001111110001
0100110000101000
0010110100011000
1001100000101111
1001000111000101
1000011001111001
0100011010010100
1000101001111001
1001000011010101
1000100101001001
0011011011101011
1000100010110000
0101101011011101
1000010000000011
0111100001010101
1000001000100100
0110011110000001
0110001110111110
0101011111001111
0011000010010111
0000101100010101
0001101011100101
0110001101111000
0110011110000001
1000010100001011
0111101011001101
0100110111101110
0100001010011001
0110000011111000
0101011000111110
1001011000000100
0110100000001000
