0100000010111110
0110100001011010
0011010110000011
0101111100101111
0110010000100110
0011010100010010
0101100001111010
0111101010101000
0110101100111010
1001010010111010
0100011011101100
0010011101101101
1000101000001101
0011011001111010
0110001111001010
0001100010001001
0010101100000111
0001010001111111
0110001100101010
0100111111000000
0010000000010001
0101111000000000
0100111001001110
0101111101011010
0011001000100111
0111010001101110
0111101001011111
0101001000101110
1001000001101000
0101001011110111
0100101010010010
0010010000100111
0110011111001000
0111000100100000
0101001101111100
0110000011100011
0110111100101100
0110001010010010
0011110111010010
0100111101000110
1000110101011100
0010001100110011
0110001111001111
0110101011000001
0110000100010000
0011110101100101
0100100000010100
0110000100010010
0100000111101110
0011000010100101
1000011110000000
0001110110110101
0110111101000001
0110010000011101
0111011011000111
0111000000110110
0001011001001011
0100010110101010
0101100001111010
1000100101010001
0010001110110001
0011010111100001
0110010011101000
1000001100100001
0110001000110100
0011100000110101
0110100001111110
0100100110100000
0110000001100101
0100000010100100
0010010011010010
1000001010000100
0111111110000111
0111001001000100
0011111001000001
0111101000010110
1000010001011001
0110111110001010
0010111011000111
0111100100001110
0100110100010100
0110111100000110
0110011011010000
0111001100010010
0101100110000100
0101010101100111
0100111011010101
0010100010101111
0000011011001011
0001010011111101
0101001001011010
0101101001101100
0111001100001110
0110011110011101
0100000010010000
0011101000101011
0101011001001110
0100110011010000
1000001000010011
0101100010111110
