1110011011010010
1101011101101010
0001000000000111
0001000000010001
0010011011110011
1111010110010000
0000000110111101
0001110110101000
1101011001001100
1101011111111101
0000001010101001
0000111101010110
1101001111100100
1111010110001110
1101100100110000
1111100010011011
0001000010111100
0000011111111001
0010011010010001
0001111100000100
0000001001101010
1101101101110001
0000110111001011
1111100001111001
0001001000000111
0010010011000100
0001011101111110
1110101010110111
1101011101110100
0001010100100111
1111000010011100
0000101111100010
0001011011111001
0010101111111111
1111001111101111
1110100101010110
0010101100111101
0001001111110011
0001011010110011
0000110110010011
1101100110110110
0000101111001011
0010001001111000
1110101110100011
1111101001001101
0001011111100001
1111111000000001
1110100010000001
1110101111010101
1111001101100100
1110001000011110
1111111011001011
0010001110100001
0010010010101010
1101100010100000
0010010001000010
0000000001101000
0000000101110110
1110111111001001
0010101110011010
1111111101110110
1110101100001100
1101101101010100
0010100000011111
1101100111001111
0000000000010000
1111010110011110
1110110000000111
0010010100010100
0000001010101010
1111110011010000
0010011110000011
1101011110110000
0001011101101111
0001100000110110
0001110101011111
1101111001101111
1101010010011111
0001000011100011
0010000011111111
0000101110011011
0001010100101010
0001010000110010
0010110011000000
0010001011010001
1110100000011000
1110111010100101
1111001010100111
0000000100110000
0000100000101010
0001111100000000
1111100000011111
0001111010011001
1110101101010101
1111100001101011
0000001101011000
1111110100100000
1110110011101111
1110001100101110
1110000011111001
0000011001101100
