0000000100101000
1111110001110110
1111001010011000
1101101110110111
1111101000001111
0001001010111111
1101110110010111
1101101000110010
1111010001001001
1101011000110111
1110010001101011
1111110101101111
1110000000101111
0001001110000101
0000111001111101
1111100111100101
1111101100101010
0000000010111111
0000001010000100
0000011010001000
1111001110001000
1111000101011001
1110001010111010
1101101011101011
1111011001110001
0001101101000101
1101010000110001
1110100000010110
0010011011011111
1110011110000101
0001100110011111
1111100000000000
1101110111100110
0000110000001010
0010000001111000
1110000101100001
0000100100010001
1101110110111101
0000101101001100
0001111000000111
0010011101110110
1111100001101111
1110101110010011
0010011001011001
0010010111000000
0000001111000100
0001110000001001
1110001000011100
1110111111101000
0000111000100101
1101001101011100
0000101110001110
0001100110010000
1110110110011011
0001100111110101
1110011010001011
1111011101010100
0001101100011000
0010000001110011
1110000000010101
1111001000011110
1111100000100111
0001001011010100
1101111111111111
0000011011110001
1110101000100100
1101011101011100
1110101101111011
0000111111110000
1110011011011100
1111000110101110
1101111110111010
0001110111010011
0010011101101010
0000001001000010
0010010111000110
1101100011000111
1110111001101111
0000100011011000
1101111001101010
0001110111111011
0010011111100101
0010010001011001
0000100110001110
1111101011111100
0001011100010001
1110010111111111
0000100100000111
1111110101110100
1111110100110000
0000111001001100
1101110011010110
1101111101010011
0010010001010010
1110011011100100
1110100101100001
1101111001101111
1110100011010001
0010101010111000
1110111000110111
0001011010110011
