1101111110100000
1100101111010010
0001010010011011
0001010010101000
0011001000010100
1111001010010100
0000001000111101
0010011000100001
1100101001100010
1100110010001111
0000001101101100
0001001110110111
1100011101001001
1111001010010010
1100111000011010
1111011001111111
0001010110000100
0000101001000000
0011000110010110
0010011111100001
0000001100011010
1101000011111111
0001000110111011
1111011001010011
0001011100101101
0010111101000101
0001111000110101
1110010010100010
1100101111011110
0001101100110010
1110110000110110
0000111101001000
0001110110001010
0011100010010001
1111000001111101
1110001011011100
0011011110010111
0001100110100111
0001110100110000
0001000101110100
1100111011000110
0000111100101010
0010110001010001
1110010111010001
1111100010101101
0001111010110011
1111110101101111
1110000111001011
1110011000010010
1110111111001010
1101100110010101
1111111001110010
0010110111001111
0010111100100100
1100110101100001
0010111010011110
0000000010000101
0000000111100000
1110101100100111
0011100000010000
1111111101001110
1110010100001111
1101000011011010
0011001110010101
1100111011100101
0000000000010101
1111001010100111
1110011001010010
0010111110101100
0000001101101101
1111101111100111
0011001011001101
1100110000101011
0001111000100000
0001111100100001
0010010111000100
1101010011011000
1100100000111010
0001010110110110
0010101001101100
0000111011101100
0001101100110111
0001100111111000
0011100110001010
0010110011000011
1110000101000100
1110100110110000
1110111011010110
0000000110000111
0000101001111111
0010011111011011
1111010111011111
0010011101011000
1110010101101101
1111011001000001
0000010001001100
1111110001001110
1110011101111101
1101101011110001
1101100000011100
