0100000011000000
0110100001011100
0011010110000011
0101111100101111
0110010000101000
0011010100010010
0101100001111100
0111101010101000
0110101100111100
1001010010111010
0100011011101110
0010011101101110
1000101000001101
0011011001111010
0110001111001100
0001100010001001
0010101100001000
0001010010000000
0110001100101100
0100111111000010
0010000000010010
0101111000000010
0100111001001110
0101111101011100
0011001000100111
0111010001101110
0111101001011111
0101001000101110
1001000001101000
0101001011110111
0100101010010010
0010010000100111
0110011111001000
0111000100100010
0101001101111110
0110000011100011
0110111100101110
0110001010010010
0011110111010010
0100111101000110
1000110101011100
0010001100110011
0110001111001111
0110101011000001
0110000100010010
0011110101100110
0100100000010110
0110000100010010
0100000111101110
0011000010100101
1000011110000000
0001110110110110
0110111101000001
0110010000011101
0111011011000111
0111000000110110
0001011001001100
0100010110101100
0101100001111010
1000100101010001
0010001110110010
0011010111100010
0110010011101000
1000001100100001
0110001000110110
0011100000110110
0110100010000000
0100100110100000
0110000001100101
0100000010100110
0010010011010100
1000001010000100
0111111110000111
0111001001000100
0011111001000010
0111101000010110
1000010001011001
0110111110001100
0010111011000111
0111100100001110
0100110100010110
0110111100000110
0110011011010000
0111001100010100
0101100110000110
0101010101100111
0100111011010101
0010100010101111
0000011011001011
0001010011111110
0101001001011010
0101101001101110
0111001100001110
0110011110011101
0100000010010010
0011101000101100
0101011001010000
0100110011010000
1000001000010011
0101100010111110
