0000000101111101
1111101101110011
1110111011000100
1101000101011001
1111100001011100
0001100000011011
1101001111000010
1100111101100101
1111000011110000
1100101001000110
1101110010001001
1111110010110011
1101011100011000
0001100100011000
0001001010100001
1111100000100111
1111100111001001
0000000011110110
0000001100111100
0000100001100101
1110111111110111
1110110100101010
1101101001011100
1101000001010010
1111001110110110
0010001100010000
1100011110101101
1110000101000001
0011000111111011
1110000010000111
0010000011110001
1111010110110111
1101010000100111
0000111101111011
0010100110111111
1101100010100001
0000101110101000
1101001111110011
0000111010000111
0010011010011011
0011001010111100
1111011001000110
1110010110111101
0011000101001110
0011000010001001
0000010011010111
0010010000001011
1101100110010001
1110101101001111
0001001000110000
1100011010011010
0000111011011011
0010000011011101
1110100001011001
0010000101011111
1101111101000101
1111010011011010
0010001011010110
0010100110111000
1101011011110110
1110111000100111
1111010111101001
0001100000110101
1101011011011011
0000100011101100
1110001111100101
1100101111000000
1110010110011110
0001010001111110
1101111110101101
1110110110010110
1101011010000010
0010011001011001
0011001010101101
0000001011100111
0011000010010001
1100110110010010
1110100101101010
0000101101011110
1101010011010010
0010011010001011
0011001101001011
0010111010111100
0000110001001000
1111100110001101
0001110110101000
1101111010010001
0000101110011011
1111110010111001
1111110001100010
0001001001100001
1101001011001001
1101010111111100
0010111010110010
1101111110110111
1110001011101010
1101010011011000
1110001000110010
0011011011101100
1110100100100011
