0110010110111110
1010001111111010
0100000011000001
0100000011101000
1001110101011111
0010101000101011
0000011100000110
0111011111010001
1010100001111111
1010000110101000
0000101011000000
0011110111110101
1011001000111011
0010101000110100
1001110011010001
0001110111011111
0100001110011101
0010000000110111
1001101111010110
0111110101010010
0000100110111110
1001001110110111
0011011110111010
0001111001101010
0100100011010111
1001010010001011
0101111011101101
0101011000000000
1010001111010101
0101010101111000
0011111000101110
0011000000000100
0101110011010011
1011000111000100
0011000011000001
0101101110010100
1010111010110010
0101000010011011
0101101110111001
0011011011011010
1001101010110010
0010111110100110
1000101101000110
0101001001001001
0001011100000110
0110000001111100
0000100000010000
0101111011110000
0101000101111110
0011001011110100
0111100010111100
0000010011100010
1000111111110101
1001010000100101
1001111100010101
1001001010000000
0000000110100010
0000010111100110
0100000110000100
1011000000101101
0000001000101101
0101010010101001
1001010000101011
1010001000011001
1001101001001111
0000000001000001
0010100111110000
0101000010110101
1001010111010000
0000101011000101
0000110011011111
1001111110100101
1010001011100010
0101111010101100
0110000111010010
0111011010101110
1000011110100001
1010111101000101
0100010000111001
1000010101010001
0010111011100110
0101010110000110
0101000110011010
1011010011010001
1000110010101101
0110000010011000
0100011000011100
0011010111110000
0000010011001110
0010000011111101
0111110101000001
0001111111010100
0111101110100100
0101001110000011
0001111010100000
0000110110000000
0000101110011100
0100110100001010
0111010001110101
0111110101011101
