1101110000000111
1100011000000110
0001011011100101
0001011011110011
0011011110100100
1111000100010111
0000001001111100
0010101001011101
1100010001101101
1100011011011000
0000001111001101
0001010111101000
1100000011111100
1111000100010100
1100100010001110
1111010101110000
0001011111101000
0000101101100100
0011011100011001
0010110001001111
0000001101110010
1100101111000110
0001001110110100
1111010100111111
0001100111000001
0011010010000101
0010000110010000
1110000110011000
1100011000010011
0001111000111000
1110101000000100
0001000011111010
0010000011010010
0011111011011010
1110111011000011
1101111110011111
0011110111000100
0001110010000000
0010000001101110
0001001101100101
1100100101001110
0001000011011001
0011000100111110
1110001011101000
1111011111011100
0010001000011101
1111110100100110
1101111001101111
1110001100110000
1110110111111100
1101010101010000
1111111001000110
0011001011100110
0011010001100001
1100011111000001
0011001111001100
0000000010010100
0000001000010110
1110100011010110
0011111001001010
1111111100111011
1110001000010001
1100101110011101
0011100101010000
1100100101110001
0000000000010111
1111000100101100
1110001101110111
0011010011111000
0000001111001111
1111101101110011
0011100001110010
1100011001101001
0010000101111001
0010001010010110
0010100111110110
1101000000001100
1100001000001000
0001100000011111
0010111100100011
0001000010010101
0001111000111101
0001110011011010
0011111111101110
0011000110111101
1101110111011001
1110011100110110
1110110011101110
0000000110110011
0000101110101010
0010110001001001
1111010010111111
0010101110110111
1110001001111001
1111010100101100
0000010011000110
1111101111100101
1110010011000011
1101011011010011
1101001110101101
