0000000000000000
0000000000000000
0000000000000000
0000000000000000
0000000000000000
0000000000000000
0000000000000000
0000000000000000
0000000000000000
0000000000000000
0000000000000000
0000000000000000
0000000000000000
0000000000000000
0000000000000000
0000000000000000
0000000000000000
0110010110111111
0010001111111100
0100000011000010
0100000011101001
0001110101100000
0010101000101100
0000011100001001
0111011111010010
0010100010000001
0010000110101010
0000101010111111
0011110111110110
0011001000111101
0010101000110101
0001110011010011
0001110111100000
0100001110011110
0010000000111000
0001101111010111
0111110101010011
0000100110111111
0001001110111001
0011011110111010
0001111001101010
0100100011011000
0001010010001101
0101111011101110
0101011000000001
0010001111010111
0101010101111001
0011111000101110
0011000000000100
0101110011010101
0011000111000110
0011000011000010
0101101110010101
0010111010110100
0101000010011100
0101101110111010
0011011011011011
0001101010110100
0010111110100110
0000101101001000
0101001001001010
0001011100000110
0110000001111100
0000100000010000
0101111011110001
0101000101111111
0011001011110101
0111100010111101
0000010011100110
0000111111110111
0001010000100111
0001111100010111
0001001010000010
0000000110010101
0000010111101011
0100000110000100
0011000000101111
0000001000011111
0101010010101010
0001010000101101
0010001000011010
0001101001010001
0000000000000000
0010100111110001
0101000010110110
0001010111010010
0000101011000101
0000110011011101
0001111110100111
0010001011100100
0101111010101101
0110000111010011
0111011010101111
0000011110100010
0010111101000111
0100010000111001
0000010101010011
0010111011100110
0101010110000111
0101000110011011
