0000000000000000
0000000000000000
0000000000000000
0000000000000000
0000000000000000
0000000000000000
0000000000000000
0000000000000000
0000000000000000
0000000000000000
0000000000000000
0000000000000000
0000000000000000
0000000000000000
0000000000000000
0000000000000000
0000000000000000
0011001001101010
0101000101111011
0010100111001011
0100111101011110
0100111011001101
0010101011101010
0100010011101001
0110000000011001
0101011010100010
0111001110110100
0011011101101100
0001111100011001
0110110011000110
0010110001000111
0101001011011100
0001001100101111
0010001011010110
0001000000000100
0100110101001100
0011111101100100
0001100101100110
0100111011000110
0100000010111000
0100101110101101
0010100011001111
0101101110001101
0110001101101100
0100000000001000
0111000001010111
0100000010110101
0011101111000110
0001110010100111
0101001000111100
0101101100111010
0100010101000111
0100110000110001
0101100001011011
0100111101001011
0011001010110110
0100000111101000
0110110111111000
0001110000000111
0101000000100010
0101011011010111
0100110001011011
0011000001011001
0011100000110111
0100110000001010
0011001110011011
0010010111100111
0110101101110000
0001011100111101
0101011110110100
0101001000001010
0101111001010010
0101100010011011
0001000101011101
0011011001000101
0100100010001101
0110110000010010
0001101111001001
0010110011000000
0101001001110010
0110011010100101
0100110110100010
0010101110111001
0101001111100101
0011100101000101
0101000010110111
0011001010010000
0001110101011000
0110011000001001
0110010001001011
0101101110110101
0011000010100010
0101111110110011
0110011101000000
0101110110011010
0010011000100000
0101111000101010
0100000001001100
0101101001010010
0101001100101010
0101101110000101
0100011001011010
0100001001110001
0011111010000111
0010000000111010
0000010110011101
0001000101000011
0100010001000110
0100100000010011
0101100110001000
0101001110010100
0011010001110110
0010110110111100
0100001101100001
0011110000001001
0110011100010000
0100011110000111
