0100100010000100
1000000011001001
0011110001010110
0110110001010000
1000011011101100
0101001011101101
0110010010010000
1000110011001010
1000000011001001
1010001000101000
0100100010000100
0010110011111001
1001001001101101
0101001011101101
1000011011101100
0010110011111001
0100100010000100
0010110011111001
0110010010010000
0110010010010000
0010110011111001
0110010010010000
0110110001010000
0110010010010000
0101001011101101
0110110001010000
1001001001101101
0101001011101101
1011010100000100
0110010010010000
0101001011101101
0011110001010110
0111101001011000
1000000011001001
0110110001010000
0110110001010000
1000000011001001
0111101001011000
0100100010000100
0110010010010000
1010001000101000
0011110001010110
0111101001011000
0111101001011000
0110110001010000
0100100010000100
0110010010010000
0110110001010000
0100100010000100
0011110001010110
1001001001101101
0010110011111001
0110110001010000
0111101001011000
1001001001101101
0111101001011000
0010110011111001
0100100010000100
0110110001010000
1010001000101000
0010110011111001
0100100010000100
0111101001011000
1010001000101000
0110110001010000
0100100010000100
1000000011001001
0101001011101101
0110010010010000
0100100010000100
0010110011111001
1010001000101000
1010001000101000
1000011011101100
0100100010000100
0111101001011000
1001001001101101
1000011011101100
0100100010000100
1000110011001010
0110010010010000
1000011011101100
0110110001010000
1000000011001001
0110010010010000
0110010010010000
0101001011101101
0011110001010110
0001010000011100
0010110011111001
0110010010010000
0110010010010000
1000110011001010
0111101001011000
0100100010000100
0100100010000100
0110010010010000
0101001011101101
1010001000101000
0110110001010000
