0100011111110000
0111001111110010
0011101101110100
0111000101010111
0110111101000110
0011110011100101
0110001001001110
1000100001000111
0111101011100010
1010010100111111
0100111011001110
0010101111001111
1001100101100011
0011111011110000
0111011001001001
0001101101000100
0011000101110101
0001011011000111
0110111000110000
0101100100000010
0010001110100001
0111000010000100
0101110001011010
0110101000011101
0011101000001000
1000000101011110
1000110101010010
0101101101001111
1010000001110010
0101110000101111
0101010001110100
0010100000101010
0111001101001111
1000000101001011
0110001011100110
0110101110100111
0111110000001010
0111000001000000
0100100001000101
0101111000011001
1001110100010001
0010011101100110
0111000101010001
0111101101111110
0110101111011010
0100010000111001
0101000000011000
0110101111011011
0100100101000010
0011011000001101
1001011010001110
0010000100000001
0111101110011110
0111010011100101
1000010001001101
0111110010101110
0001100011000111
0100110101101000
0110011101100001
1001100010010010
0010011110101001
0011111111100011
0111010101100010
1001000110110100
0110110100011100
0011111001110100
0111011010100000
0101000111001110
0111001101001100
0100011111010100
0010100101001000
1001000100000110
1000110110110001
1000000110100111
0100010100101011
1000011110100110
1001001100001101
1000010110110100
0011011000111100
1000011010000001
0101101111010011
1000000001110010
0111011000000110
1000000010010001
0110001101111000
0101111011100110
0101011110011100
0010110100110100
0000100000000110
0001100010100000
0110000101110101
0110010101110000
0111111111010111
0111011001111000
0100101010010001
0100000010100001
0101111111100110
0101010101011010
1001000010000111
0110010101010111
